Mach Virtual Memory Statistics: (page size of 4096 bytes)
    free   active   specul inactive throttle    wired  prgable   faults     copy    0fill reactive   purged file-backed anonymous cmprssed cmprssor  dcomprs   comprs  pageins  pageout  swapins swapouts
  358286   385734   197039   512124        0   574698    88059  723782K 16981631  429944K 58253951 59769434      405206    689691  1320427    68783 93304713  172397K 37849450   416156 41159727 47946524 
  337260   373327   200211   512368        0   596255    69072    40431     1219     7255        3        0      408762    677144  1319200    77080     1224        0     2227        0     8362        0 
  336188   389075   200273   512610        0   581097    89316     6612      193     2362        0        0      408950    693008  1318206    77415       58        0       99        0      384        0 
  336779   388107   200344   512579        0   580976    89111      605        0      294        0        0      408997    692033  1318113    77927       93        0       49        0      512        0 
  335132   371546   200496   512581        0   598218    72491     1294        0     1018        4        0      409164    675459  1317969    78615      144        0       48        0      704        0 
  337247   374540   200245   512597        0   592539    78621    12305       17     6945        0        0      408928    678454  1317877    79430       92        0        1        0      832        0 
  334986   374902   201675   512607        0   592711    88860     1076        0      584        0        0      410358    678826  1317828    79809       49        0      854        0      379        0 
  335175   374661   201689   512642        0   592713    88856       82        0       24        0        0      410382    678610  1317799    79801       29        0       24        0        0        0 
  335231   375064   201689   512643        0   592272    88858       21        0       16        0        0      410382    679014  1317796    79801        3        0        0        0        0        0 
  335375   393908   201703   512638        0   573279   100622      112        0      112        0        0      410396    697853  1317796    79801        0        0        0        0        0        0 
  345700   421105   201703   512630        0   535716   103672      206        0      200        0        0      410396    725042  1317790    79865        6        0        0        0       64        0 